457865   6   3  1 -2267808.9627  5009350.0811  3220969.7691  -23.5281    0.8622   -3.5979    1.4545    0.3427   26.9240      3      3    100.0000%    0.0428    0.1413    0.0644   13.7509
457866   6   3  1 -2267808.9544  5009350.0743  3220969.7667  -23.5252    0.8575   -3.6074    1.4886    0.3427   10.9132      4      4    100.0000%    0.0448    0.1480    0.0674   13.7500
457867   6   3  1 -2267808.9568  5009350.0741  3220969.7670  -23.5253    0.8598   -3.6065    1.4556    0.3427   12.7947      5      5    100.0000%    0.0428    0.1416    0.0645   13.7500
457868   6   3  1 -2267808.9484  5009350.0664  3220969.7595  -23.5266    0.8553   -3.6194    1.4901    0.3427    5.2680      6      6    100.0000%    0.0449    0.1483    0.0676   13.7517
457869   6   4  1 -2267808.9564  5009350.0737  3220969.7664  -23.5256    0.8596   -3.6073    1.4985    0.3427   10.6542      7      7    100.0000%    0.0454    0.1500    0.0683   13.7502
457870   6   4  1 -2267808.9557  5009350.0759  3220969.7638  -23.5287    0.8580   -3.6071    1.4948    0.3427   13.3111      8      8    100.0000%    0.0452    0.1493    0.0680   13.7519
457871   6   5  1 -2267808.9571  5009350.0767  3220969.7639  -23.5294    0.8590   -3.6059    1.4556    0.3427   15.0771      9      9    100.0000%    0.0429    0.1415    0.0645   13.7522
457872   6   4  1 -2267808.9571  5009350.0730  3220969.7639  -23.5276    0.8605   -3.6089    1.4859    0.3427   16.7815     10     10    100.0000%    0.0447    0.1475    0.0672   13.7515
457873   6   4  1 -2267808.9575  5009350.0769  3220969.7652  -23.5284    0.8593   -3.6050    1.4728    0.3427   25.6201     11     11    100.0000%    0.0439    0.1449    0.0660   13.7516
457874   6   4  1 -2267808.9555  5009350.0708  3220969.7622  -23.5277    0.8600   -3.6120    1.4424    0.3427   21.2875     12     12    100.0000%    0.0421    0.1390    0.0633   13.7518
457875   6   4  1 -2267808.9539  5009350.0709  3220969.7617  -23.5278    0.8584   -3.6127    1.4351    0.3427   19.6916     13     13    100.0000%    0.0417    0.1376    0.0626   13.7519
457876   6   4  1 -2267808.9559  5009350.0742  3220969.7645  -23.5274    0.8590   -3.6080    1.4085    0.3427   10.1577     14     14    100.0000%    0.0402    0.1325    0.0603   13.7513
457877   6   4  1 -2267808.9543  5009350.0765  3220969.7662  -23.5267    0.8565   -3.6059    1.3927    0.3427    8.9787     15     15    100.0000%    0.0393    0.1295    0.0590   13.7507
457878   6   4  1 -2267808.9555  5009350.0762  3220969.7642  -23.5285    0.8578   -3.6068    1.4152    0.3427   10.5410     16     16    100.0000%    0.0406    0.1338    0.0609   13.7518
457879   6   4  1 -2267808.9585  5009350.0830  3220969.7653  -23.5313    0.8577   -3.5998    1.4482    0.3427   13.1302     17     17    100.0000%    0.0425    0.1401    0.0638   13.7528
457880   6   4  1 -2267808.9561  5009350.0777  3220969.7638  -23.5297    0.8577   -3.6056    1.4600    0.3427   13.7771     18     18    100.0000%    0.0432    0.1423    0.0648   13.7524
457881   6   4  1 -2267808.9579  5009350.0771  3220969.7655  -23.5283    0.8596   -3.6045    1.5045    0.3427   20.4467     19     19    100.0000%    0.0459    0.1512    0.0688   13.7515
457882   6   4  1 -2267808.9539  5009350.0685  3220969.7609  -23.5274    0.8595   -3.6150    1.4751    0.3427   14.5170     20     20    100.0000%    0.0441    0.1453    0.0661   13.7519
457883   6   4  1 -2267808.9594  5009350.0768  3220969.7660  -23.5281    0.8611   -3.6039    1.4971    0.3427   11.8230     21     21    100.0000%    0.0454    0.1497    0.0681   13.7514
457884   6   3  1 -2267808.9585  5009350.0752  3220969.7660  -23.5271    0.8609   -3.6056    1.4896    0.3427   14.7957     22     22    100.0000%    0.0450    0.1482    0.0674   13.7509
457885   6   3  1 -2267808.9591  5009350.0792  3220969.7703  -23.5254    0.8597   -3.6000    1.5481    0.3427   14.6870     23     23    100.0000%    0.0486    0.1600    0.0728   13.7495
457886   6   3  1 -2267808.9510  5009350.0737  3220969.7675  -23.5235    0.8546   -3.6086    1.5856    0.3427   18.4619     24     24    100.0000%    0.0510    0.1679    0.0764   13.7491
457887   6   3  1 -2267808.9546  5009350.0732  3220969.7675  -23.5240    0.8582   -3.6078    1.6390    0.3427   18.8666     25     25    100.0000%    0.0545    0.1794    0.0816   13.7493
457888   6   3  1 -2267808.9567  5009350.0763  3220969.7698  -23.5239    0.8588   -3.6034    1.6480    0.3427   12.2861     26     26    100.0000%    0.0551    0.1813    0.0825   13.7489
457889   6   3  1 -2267808.9563  5009350.0717  3220969.7693  -23.5222    0.8603   -3.6074    1.7073    0.3427    6.1101     27     27    100.0000%    0.0591    0.1946    0.0885   13.7483
457890   6   3  1 -2267808.9513  5009350.0720  3220969.7676  -23.5228    0.8557   -3.6098    1.6909    0.3427    4.9739     28     28    100.0000%    0.0580    0.1909    0.0868   13.7487
457891   6   4  1 -2267808.9579  5009350.0798  3220969.7737  -23.5225    0.8585   -3.5983    1.7199    0.3427   14.2016     29     29    100.0000%    0.0600    0.1975    0.0898   13.7476
457892   6   4  1 -2267808.9606  5009350.0855  3220969.7773  -23.5226    0.8585   -3.5910    1.7445    0.3426   10.8807     30     30    100.0000%    0.0617    0.2032    0.0924   13.7471
457893   6   4  1 -2267808.9578  5009350.0848  3220969.7745  -23.5240    0.8563   -3.5940    1.6788    0.3426   17.8960     31     31    100.0000%    0.0572    0.1881    0.0856   13.7481
457894   6   3  1 -2267808.9564  5009350.0702  3220969.7664  -23.5240    0.8610   -3.6100    1.6818    0.3426   13.2082     32     32    100.0000%    0.0574    0.1888    0.0859   13.7495
457895   6   3  1 -2267808.9617  5009350.0751  3220969.7679  -23.5261    0.8638   -3.6036    1.6725    0.3426   11.3549     33     33    100.0000%    0.0568    0.1867    0.0849   13.7502
457896   6   3  1 -2267808.9618  5009350.0800  3220969.7734  -23.5236    0.8619   -3.5969    1.6584    0.3426    7.5858     34     34    100.0000%    0.0558    0.1836    0.0835   13.7482
457897   6   3  1 -2267808.9651  5009350.0828  3220969.7755  -23.5238    0.8637   -3.5924    1.6332    0.3426    9.3904     35     35    100.0000%    0.0541    0.1780    0.0810   13.7480
457898   6   4  1 -2267808.9600  5009350.0790  3220969.7721  -23.5239    0.8607   -3.5989    1.6003    0.3426    6.7383     36     36    100.0000%    0.0520    0.1709    0.0777   13.7485
457899   6   4  1 -2267808.9665  5009350.0835  3220969.7743  -23.5255    0.8647   -3.5920    1.5931    0.3426    3.9308     37     37    100.0000%    0.0515    0.1694    0.0770   13.7489
457900   6   5  1 -2267808.9563  5009350.0776  3220969.7658  -23.5279    0.8579   -3.6046    1.5807    0.3426    3.0901     38     38    100.0000%    0.0507    0.1668    0.0758   13.7512
457901   6   4  1 -2267808.9578  5009350.0753  3220969.7697  -23.5238    0.8602   -3.6039    1.5539    0.3426    6.3981     39     39    100.0000%    0.0490    0.1612    0.0733   13.7489
457902   6   3  1 -2267808.9573  5009350.0764  3220969.7714  -23.5227    0.8593   -3.6023    1.5805    0.3426    5.9575     40     40    100.0000%    0.0507    0.1667    0.0758   13.7481
457903   6   3  1 -2267808.9653  5009350.0872  3220969.7735  -23.5276    0.8621   -3.5899    1.6024    0.3426    9.3266     41     41    100.0000%    0.0522    0.1714    0.0779   13.7499
457904   6   3  1 -2267808.9668  5009350.0874  3220969.7736  -23.5279    0.8634   -3.5892    1.5303    0.3426    9.9115     42     42    100.0000%    0.0476    0.1563    0.0710   13.7500
457905   6   3  1 -2267808.9643  5009350.0853  3220969.7722  -23.5276    0.8620   -3.5924    1.5811    0.3426   14.5390     43     43    100.0000%    0.0508    0.1668    0.0758   13.7501
457906   6   3  1 -2267808.9678  5009350.0922  3220969.7782  -23.5264    0.8623   -3.5828    1.5686    0.3426   13.2678     44     44    100.0000%    0.0500    0.1642    0.0746   13.7486
457907   6   3  1 -2267808.9634  5009350.0837  3220969.7761  -23.5234    0.8619   -3.5920    1.5620    0.3426   14.1242     45     45    100.0000%    0.0496    0.1628    0.0740   13.7477
457908   6   3  1 -2267808.9575  5009350.0732  3220969.7697  -23.5228    0.8608   -3.6056    1.6087    0.3426    4.4724     46     46    100.0000%    0.0526    0.1727    0.0785   13.7485
457909   6   3  1 -2267808.9555  5009350.0739  3220969.7688  -23.5234    0.8587   -3.6062    1.6238    0.3426    6.0949     47     47    100.0000%    0.0536    0.1759    0.0799   13.7489
457910   6   3  1 -2267808.9593  5009350.0841  3220969.7734  -23.5250    0.8579   -3.5945    1.6373    0.3426    6.8154     48     48    100.0000%    0.0545    0.1789    0.0813   13.7487
457911   6   3  1 -2267808.9596  5009350.0797  3220969.7721  -23.5242    0.8600   -3.5985    1.6028    0.3426    5.2388     49     49    100.0000%    0.0522    0.1714    0.0779   13.7486
457912   6   3  1 -2267808.9603  5009350.0802  3220969.7711  -23.5254    0.8604   -3.5984    1.5868    0.3426    6.2323     50     50    100.0000%    0.0512    0.1680    0.0763   13.7494
457913   6   3  1 -2267808.9558  5009350.0761  3220969.7710  -23.5226    0.8581   -3.6033    1.5782    0.3426    6.5339     51     51    100.0000%    0.0507    0.1662    0.0755   13.7482
457914   6   3  1 -2267808.9544  5009350.0764  3220969.7734  -23.5204    0.8566   -3.6023    1.5820    0.3426    6.4833     52     52    100.0000%    0.0509    0.1670    0.0758   13.7468
457915   6   4  1 -2267808.9514  5009350.0751  3220969.7689  -23.5230    0.8544   -3.6067    1.6107    0.3426    5.5342     53     53    100.0000%    0.0528    0.1731    0.0786   13.7486
457916   6   4  1 -2267808.9563  5009350.0815  3220969.7732  -23.5233    0.8562   -3.5977    1.5775    0.3426    9.2837     54     54    100.0000%    0.0506    0.1660    0.0754   13.7480
457917   6   3  1 -2267808.9615  5009350.0860  3220969.7754  -23.5246    0.8591   -3.5913    1.5549    0.3426   11.9546     55     55    100.0000%    0.0492    0.1613    0.0732   13.7482
457918   6   3  1 -2267808.9647  5009350.0907  3220969.7801  -23.5234    0.8601   -3.5840    1.5364    0.3426    8.6887     56     56    100.0000%    0.0480    0.1575    0.0715   13.7469
457919   6   3  1 -2267808.9646  5009350.0882  3220969.7774  -23.5245    0.8610   -3.5874    1.4962    0.3426    6.6932     57     57    100.0000%    0.0456    0.1493    0.0678   13.7479
457920   6   3  1 -2267808.9622  5009350.0875  3220969.7764  -23.5246    0.8592   -3.5893    1.5184    0.3426    5.8274     58     58    100.0000%    0.0469    0.1538    0.0698   13.7481
457921   6   5  1 -2267808.9633  5009350.0907  3220969.7791  -23.5240    0.8589   -3.5850    1.5210    0.3426    5.9161     59     59    100.0000%    0.0471    0.1543    0.0701   13.7473
457922   6   3  1 -2267808.9552  5009350.0783  3220969.7713  -23.5233    0.8566   -3.6016    1.4976    0.3425    5.9307     60     60    100.0000%    0.0457    0.1496    0.0679   13.7483
457923   6   3  1 -2267808.9605  5009350.0822  3220969.7735  -23.5242    0.8598   -3.5956    1.4720    0.3425    7.2673     61     61    100.0000%    0.0441    0.1445    0.0656   13.7484
457924   6   4  1 -2267808.9586  5009350.0899  3220969.7743  -23.5267    0.8549   -3.5897    1.4202    0.3425    7.3336     62     62    100.0000%    0.0411    0.1345    0.0611   13.7492
457925   6   3  1 -2267808.9580  5009350.0808  3220969.7778  -23.5194    0.8582   -3.5953    1.3628    0.3425    9.4646     63     63    100.0000%    0.0378    0.1239    0.0562   13.7456
457926   6   2  1 -2267808.9593  5009350.0866  3220969.7766  -23.5235    0.8569   -3.5909    1.3156    0.3425    9.2220     64     64    100.0000%    0.0353    0.1154    0.0524   13.7475
457927   6   3  1 -2267808.9577  5009350.0799  3220969.7732  -23.5229    0.8582   -3.5985    1.3341    0.3425   11.4639     65     65    100.0000%    0.0363    0.1187    0.0539   13.7479
457928   6   3  1 -2267808.9558  5009350.0827  3220969.7767  -23.5208    0.8553   -3.5951    1.3574    0.3425    7.9037     66     66    100.0000%    0.0375    0.1229    0.0558   13.7463
457929   6   3  1 -2267808.9565  5009350.0846  3220969.7785  -23.5203    0.8552   -3.5925    1.3259    0.3425    8.0718     67     67    100.0000%    0.0358    0.1172    0.0532   13.7458
457930   6   3  1 -2267808.9604  5009350.0857  3220969.7774  -23.5225    0.8583   -3.5908    1.3295    0.3425    7.3654     68     68    100.0000%    0.0360    0.1178    0.0535   13.7470
457931   6   3  1 -2267808.9601  5009350.0840  3220969.7746  -23.5241    0.8586   -3.5937    1.2737    0.3425    7.9758     69     69    100.0000%    0.0331    0.1082    0.0491   13.7482
457932   6   3  1 -2267808.9625  5009350.0868  3220969.7766  -23.5242    0.8598   -3.5897    1.2322    0.3425    6.9901     70     70    100.0000%    0.0310    0.1012    0.0459   13.7479
457933   6   3  1 -2267808.9555  5009350.0826  3220969.7738  -23.5232    0.8551   -3.5969    1.2494    0.3425    7.9751     71     71    100.0000%    0.0318    0.1041    0.0472   13.7478
457934   6   3  1 -2267808.9570  5009350.0863  3220969.7752  -23.5240    0.8549   -3.5927    1.1913    0.3425   11.0076     72     72    100.0000%    0.0289    0.0946    0.0429   13.7479
457935   6   3  1 -2267808.9569  5009350.0864  3220969.7742  -23.5249    0.8548   -3.5932    1.1360    0.3425   17.6671     73     73    100.0000%    0.0263    0.0860    0.0390   13.7485
457936   6   3  1 -2267808.9608  5009350.0943  3220969.7814  -23.5232    0.8551   -3.5819    1.1154    0.3425   25.9329     74     74    100.0000%    0.0254    0.0829    0.0376   13.7465
457937   6   3  1 -2267808.9572  5009350.0859  3220969.7759  -23.5232    0.8553   -3.5926    1.0675    0.3425    9.9847     75     75    100.0000%    0.0232    0.0760    0.0345   13.7475
457938   6   3  1 -2267808.9544  5009350.0828  3220969.7729  -23.5238    0.8540   -3.5975    1.0321    0.3425    5.6046     76     76    100.0000%    0.0217    0.0710    0.0322   13.7482
457939   6   3  1 -2267808.9533  5009350.0776  3220969.7699  -23.5237    0.8552   -3.6035    1.0105    0.3425    4.7584     77     77    100.0000%    0.0208    0.0681    0.0309   13.7487
457940   6   3  1 -2267808.9544  5009350.0821  3220969.7739  -23.5226    0.8542   -3.5976    0.9879    0.3425    5.4362     78     78    100.0000%    0.0199    0.0650    0.0295   13.7476
457941   6   3  1 -2267808.9539  5009350.0818  3220969.7724  -23.5237    0.8540   -3.5987    0.9289    0.3425    7.0749     79     79    100.0000%    0.0176    0.0575    0.0261   13.7483
457942   6   3  1 -2267808.9538  5009350.0760  3220969.7698  -23.5232    0.8562   -3.6046    0.9079    0.3425    5.7775     80     80    100.0000%    0.0168    0.0549    0.0249   13.7485
457943   6   3  1 -2267808.9560  5009350.0832  3220969.7733  -23.5240    0.8553   -3.5965    0.8400    0.3425    8.2029     81     81    100.0000%    0.0144    0.0470    0.0213   13.7483
457944   6   3  1 -2267808.9555  5009350.0808  3220969.7704  -23.5253    0.8558   -3.6000    0.7996    0.3425   10.6226     82     82    100.0000%    0.0131    0.0426    0.0193   13.7493
457945   6   2  1 -2267808.9573  5009350.0886  3220969.7758  -23.5246    0.8542   -3.5905    0.7729    0.3425    7.9139     83     83    100.0000%    0.0122    0.0398    0.0180   13.7481
457946   6   1  1 -2267808.9558  5009350.0831  3220969.7702  -23.5266    0.8552   -3.5982    0.7270    0.3425    8.9893     84     84    100.0000%    0.0108    0.0352    0.0160   13.7499
457947   6   1  1 -2267808.9571  5009350.0875  3220969.7770  -23.5230    0.8545   -3.5908    0.7645    0.3425    7.1653     85     85    100.0000%    0.0119    0.0389    0.0177   13.7472
457948   6   1  1 -2267808.9601  5009350.0870  3220969.7734  -23.5265    0.8574   -3.5920    0.7343    0.3424    6.9751     86     86    100.0000%    0.0110    0.0359    0.0163   13.7493
457949   6   2  1 -2267808.9536  5009350.0755  3220969.7679  -23.5245    0.8563   -3.6061    0.7214    0.3424    7.4478     87     87    100.0000%    0.0106    0.0347    0.0157   13.7494
457950   6   3  1 -2267808.9559  5009350.0897  3220969.7757  -23.5249    0.8525   -3.5902    0.6519    0.3424   11.1651     88     88    100.0000%    0.0087    0.0283    0.0128   13.7482
457951   6   3  1 -2267808.9587  5009350.0819  3220969.7708  -23.5261    0.8583   -3.5979    0.6373    0.3424   11.7907     89     89    100.0000%    0.0083    0.0271    0.0123   13.7497
457952   6   3  1 -2267808.9574  5009350.0862  3220969.7770  -23.5225    0.8553   -3.5917    0.6247    0.3424    9.4374     90     90    100.0000%    0.0080    0.0260    0.0118   13.7470
457953   6   3  1 -2267808.9542  5009350.0828  3220969.7762  -23.5210    0.8538   -3.5960    0.5819    0.3424   15.8048     91     91    100.0000%    0.0069    0.0226    0.0102   13.7465
457954   6   3  1 -2267808.9521  5009350.0787  3220969.7760  -23.5188    0.8536   -3.6000    0.6099    0.3424   20.9980     92     92    100.0000%    0.0076    0.0248    0.0112   13.7456
457955   6   3  1 -2267808.9512  5009350.0720  3220969.7696  -23.5210    0.8555   -3.6088    0.5658    0.3424   14.4773     93     93    100.0000%    0.0065    0.0213    0.0097   13.7476
457956   6   3  1 -2267808.9524  5009350.0786  3220969.7703  -23.5237    0.8539   -3.6029    0.5335    0.3424   11.4776     94     94    100.0000%    0.0058    0.0190    0.0086   13.7486
457957   6   3  1 -2267808.9560  5009350.0881  3220969.7792  -23.5212    0.8533   -3.5896    0.5268    0.3424   34.6862     95     95    100.0000%    0.0057    0.0185    0.0084   13.7460
457958   6   3  1 -2267808.9551  5009350.0851  3220969.7758  -23.5225    0.8537   -3.5940    0.5568    0.3424   23.5607     96     96    100.0000%    0.0063    0.0207    0.0094   13.7472
457959   6   3  1 -2267808.9574  5009350.0908  3220969.7758  -23.5256    0.8534   -3.5887    0.5470    0.3424   11.1516     97     97    100.0000%    0.0061    0.0199    0.0090   13.7485
457960   6   3  1 -2267808.9564  5009350.0838  3220969.7725  -23.5250    0.8554   -3.5963    0.5284    0.3424   10.2535     98     98    100.0000%    0.0057    0.0186    0.0084   13.7488
457961   6   3  1 -2267808.9580  5009350.0863  3220969.7738  -23.5254    0.8559   -3.5931    0.5403    0.3424   12.9288     99     99    100.0000%    0.0060    0.0194    0.0088   13.7488
457962   6   3  1 -2267808.9600  5009350.0913  3220969.7758  -23.5265    0.8556   -3.5874    0.5284    0.3424   13.5976    100    100    100.0000%    0.0057    0.0186    0.0084   13.7489
457963   6   3  1 -2267808.9582  5009350.0818  3220969.7695  -23.5271    0.8578   -3.5987    0.5641    0.3424   12.9994    101    101    100.0000%    0.0065    0.0212    0.0096   13.7503
457964   6   3  1 -2267808.9611  5009350.0873  3220969.7751  -23.5254    0.8583   -3.5905    0.5812    0.3424    6.7897    102    102    100.0000%    0.0069    0.0225    0.0102   13.7486
457965   6   3  1 -2267808.9574  5009350.0815  3220969.7729  -23.5239    0.8573   -3.5975    0.6106    0.3424    6.1963    103    103    100.0000%    0.0076    0.0248    0.0112   13.7483
457966   6   3  1 -2267808.9594  5009350.0921  3220969.7763  -23.5262    0.8547   -3.5868    0.5478    0.3424    6.5749    104    104    100.0000%    0.0061    0.0200    0.0090   13.7487
457967   6   3  1 -2267808.9548  5009350.0861  3220969.7731  -23.5252    0.8530   -3.5947    0.5793    0.3424    5.4865    105    105    100.0000%    0.0069    0.0223    0.0101   13.7488
457968   6   3  1 -2267808.9593  5009350.0842  3220969.7731  -23.5253    0.8579   -3.5946    0.5448    0.3424    8.4415    106    106    100.0000%    0.0061    0.0198    0.0089   13.7489
457969   6   3  1 -2267808.9595  5009350.0824  3220969.7724  -23.5251    0.8588   -3.5963    0.5518    0.3424   11.7240    107    107    100.0000%    0.0062    0.0203    0.0092   13.7490
457970   6   3  1 -2267808.9558  5009350.0818  3220969.7736  -23.5231    0.8557   -3.5975    0.5344    0.3424   15.1053    108    108    100.0000%    0.0059    0.0190    0.0086   13.7478
457971   6   3  1 -2267808.9529  5009350.0826  3220969.7739  -23.5226    0.8527   -3.5977    0.5080    0.3423   24.3284    109    109    100.0000%    0.0053    0.0172    0.0078   13.7475
457972   6   4  1 -2267808.9554  5009350.0807  3220969.7703  -23.5253    0.8557   -3.6001    0.5362    0.3423   15.8419    110    110    100.0000%    0.0059    0.0191    0.0087   13.7493
457973   6   3  1 -2267808.9560  5009350.0854  3220969.7733  -23.5250    0.8544   -3.5947    0.4838    0.3423   17.9730    111    111    100.0000%    0.0048    0.0156    0.0071   13.7486
457974   6   3  1 -2267808.9598  5009350.0848  3220969.7736  -23.5253    0.8581   -3.5937    0.5041    0.3423   22.1531    112    112    100.0000%    0.0052    0.0169    0.0077   13.7488
457975   6   3  1 -2267808.9586  5009350.0836  3220969.7759  -23.5225    0.8575   -3.5939    0.5102    0.3423   20.3613    113    113    100.0000%    0.0053    0.0173    0.0078   13.7472
457976   6   3  1 -2267808.9572  5009350.0863  3220969.7728  -23.5261    0.8551   -3.5938    0.5766    0.3423   12.5024    114    114    100.0000%    0.0068    0.0221    0.0100   13.7493
457977   6   4  1 -2267808.9570  5009350.0891  3220969.7750  -23.5255    0.8537   -3.5906    0.5485    0.3423   19.7791    115    115    100.0000%    0.0062    0.0200    0.0091   13.7486
457978   6   3  1 -2267808.9598  5009350.0935  3220969.7765  -23.5268    0.8545   -3.5854    0.5512    0.3423   46.2114    116    116    100.0000%    0.0062    0.0202    0.0092   13.7489
457979   6   4  1 -2267808.9572  5009350.0863  3220969.7707  -23.5279    0.8551   -3.5949    0.5661    0.3423   26.9246    117    117    100.0000%    0.0066    0.0213    0.0097   13.7503
457980   6   3  1 -2267808.9558  5009350.0818  3220969.7700  -23.5261    0.8557   -3.5993    0.5998    0.3423   26.8737    118    118    100.0000%    0.0074    0.0239    0.0108   13.7497
457981   6   3  1 -2267808.9542  5009350.0812  3220969.7708  -23.5248    0.8544   -3.5999    0.6398    0.3423   72.7732    119    119    100.0000%    0.0084    0.0272    0.0123   13.7490
457982   6   3  1 -2267808.9586  5009350.0860  3220969.7725  -23.5265    0.8565   -3.5937    0.6569    0.3423   27.5134    120    120    100.0000%    0.0089    0.0287    0.0130   13.7495
457983   6   3  1 -2267808.9658  5009350.0964  3220969.7805  -23.5259    0.8588   -3.5790    0.6237    0.3423   36.7676    121    121    100.0000%    0.0080    0.0259    0.0117   13.7479
457984   6   3  1 -2267808.9604  5009350.0914  3220969.7780  -23.5247    0.8559   -3.5861    0.6714    0.3423   43.9214    122    122    100.0000%    0.0092    0.0300    0.0136   13.7478
457985   6   3  1 -2267808.9611  5009350.0910  3220969.7767  -23.5258    0.8567   -3.5868    0.6662    0.3423   48.3414    123    123    100.0000%    0.0091    0.0295    0.0134   13.7485
457986   6   3  1 -2267808.9593  5009350.0929  3220969.7776  -23.5255    0.8543   -3.5855    0.6695    0.3423   49.8893    124    124    100.0000%    0.0092    0.0298    0.0135   13.7481
457987   6   3  1 -2267808.9592  5009350.0877  3220969.7759  -23.5245    0.8564   -3.5905    0.6653    0.3423   59.8253    125    125    100.0000%    0.0091    0.0294    0.0133   13.7481
457988   6   3  1 -2267808.9633  5009350.0917  3220969.7772  -23.5261    0.8585   -3.5852    0.6516    0.3423   85.1114    126    126    100.0000%    0.0087    0.0283    0.0128   13.7485
457989   6   3  1 -2267808.9584  5009350.0902  3220969.7761  -23.5253    0.8546   -3.5887    0.6683    0.3423   64.5887    127    127    100.0000%    0.0092    0.0297    0.0134   13.7483
457990   6   3  1 -2267808.9550  5009350.0829  3220969.7725  -23.5243    0.8545   -3.5974    0.6534    0.3423   40.7552    128    128    100.0000%    0.0088    0.0284    0.0128   13.7485
457991   6   3  1 -2267808.9573  5009350.0848  3220969.7750  -23.5235    0.8558   -3.5939    0.6788    0.3423   55.1701    129    129    100.0000%    0.0095    0.0307    0.0139   13.7478
457992   6   3  1 -2267808.9553  5009350.0834  3220969.7723  -23.5248    0.8545   -3.5970    0.6710    0.3422   19.9484    130    130    100.0000%    0.0092    0.0300    0.0135   13.7488
457993   6   3  1 -2267808.9637  5009350.0942  3220969.7755  -23.5288    0.8578   -3.5839    0.6429    0.3422   21.5003    131    131    100.0000%    0.0085    0.0275    0.0124   13.7500
457994   6   4  1 -2267808.9579  5009350.0871  3220969.7742  -23.5254    0.8554   -3.5922    0.6452    0.3422   19.1892    132    132    100.0000%    0.0086    0.0277    0.0125   13.7487
457995   6   4  1 -2267808.9587  5009350.0879  3220969.7729  -23.5271    0.8558   -3.5921    0.6514    0.3422   18.8800    133    133    100.0000%    0.0087    0.0282    0.0128   13.7497
457996   6   3  1 -2267808.9583  5009350.0887  3220969.7732  -23.5271    0.8551   -3.5914    0.7427    0.3422   14.5693    134    134    100.0000%    0.0113    0.0367    0.0166   13.7496
457997   6   3  1 -2267808.9621  5009350.0929  3220969.7785  -23.5253    0.8568   -3.5840    0.7676    0.3422   23.3738    135    135    100.0000%    0.0121    0.0392    0.0177   13.7479
457998   6   3  1 -2267808.9660  5009350.0989  3220969.7831  -23.5249    0.8579   -3.5756    0.7903    0.3422   21.2126    136    136    100.0000%    0.0128    0.0415    0.0188   13.7470
457999   6   3  1 -2267808.9615  5009350.0913  3220969.7788  -23.5242    0.8570   -3.5853    0.7648    0.3422   14.5442    137    137    100.0000%    0.0120    0.0389    0.0176   13.7474
458000   6   3  1 -2267808.9610  5009350.0891  3220969.7769  -23.5247    0.8574   -3.5882    0.8219    0.3422   18.4512    138    138    100.0000%    0.0139    0.0449    0.0203   13.7480
458001   6   3  1 -2267808.9669  5009350.0974  3220969.7799  -23.5271    0.8594   -3.5781    0.8159    0.3422   20.5991    139    139    100.0000%    0.0137    0.0443    0.0200   13.7485
458002   6   3  1 -2267808.9633  5009350.0871  3220969.7754  -23.5255    0.8604   -3.5897    0.8007    0.3422   19.3267    140    140    100.0000%    0.0132    0.0426    0.0193   13.7487
458003   6   4  1 -2267808.9618  5009350.0882  3220969.7743  -23.5267    0.8585   -3.5900    0.8177    0.3422   14.0340    141    141    100.0000%    0.0138    0.0445    0.0201   13.7493
458004   6   3  1 -2267808.9626  5009350.0926  3220969.7802  -23.5238    0.8574   -3.5833    0.8668    0.3422   15.5395    142    142    100.0000%    0.0155    0.0500    0.0226   13.7470
458005   6   3  1 -2267808.9632  5009350.0916  3220969.7803  -23.5233    0.8584   -3.5837    0.9101    0.3422   14.0731    143    143    100.0000%    0.0170    0.0551    0.0249   13.7468
458006   6   3  1 -2267808.9645  5009350.0917  3220969.7811  -23.5230    0.8595   -3.5828    0.8996    0.3422   20.6180    144    144    100.0000%    0.0166    0.0538    0.0243   13.7466
458007   6   3  1 -2267808.9617  5009350.0886  3220969.7770  -23.5245    0.8582   -3.5883    0.9379    0.3422   20.1383    145    145    100.0000%    0.0181    0.0585    0.0264   13.7479
458008   6   3  1 -2267808.9596  5009350.0898  3220969.7754  -23.5260    0.8558   -3.5890    0.9444    0.3422   16.7453    146    146    100.0000%    0.0184    0.0593    0.0268   13.7488
458009   6   3  1 -2267808.9648  5009350.0919  3220969.7785  -23.5254    0.8597   -3.5839    0.9394    0.3422   13.0593    147    147    100.0000%    0.0182    0.0587    0.0265   13.7481
458010   6   3  1 -2267808.9605  5009350.0889  3220969.7742  -23.5268    0.8570   -3.5900    0.9878    0.3422    8.1343    148    148    100.0000%    0.0201    0.0649    0.0293   13.7493
458011   6   4  1 -2267808.9622  5009350.0969  3220969.7818  -23.5243    0.8553   -3.5792    1.0225    0.3422   15.0051    149    149    100.0000%    0.0215    0.0695    0.0314   13.7470
458012   6   4  1 -2267808.9604  5009350.0904  3220969.7770  -23.5251    0.8564   -3.5873    1.0451    0.3421   26.1538    150    150    100.0000%    0.0225    0.0726    0.0328   13.7481
458013   6   4  1 -2267808.9616  5009350.0950  3220969.7815  -23.5236    0.8556   -3.5811    1.0558    0.3421   26.3041    151    151    100.0000%    0.0230    0.0741    0.0335   13.7467
458014   6   3  1 -2267808.9642  5009350.0959  3220969.7831  -23.5232    0.8576   -3.5786    1.1072    0.3421   24.1903    152    152    100.0000%    0.0252    0.0815    0.0368   13.7463
458015   6   4  1 -2267808.9655  5009350.0970  3220969.7832  -23.5238    0.8583   -3.5773    1.1611    0.3421   31.2325    153    153    100.0000%    0.0278    0.0896    0.0405   13.7466
458016   6   4  1 -2267808.9628  5009350.0874  3220969.7788  -23.5226    0.8598   -3.5879    1.1980    0.3421   17.3819    154    154    100.0000%    0.0296    0.0954    0.0431   13.7468
458017   6   3  1 -2267808.9625  5009350.0898  3220969.7814  -23.5214    0.8585   -3.5848    1.2458    0.3421   11.6880    155    155    100.0000%    0.0320    0.1031    0.0466   13.7459
458018   6   3  1 -2267808.9609  5009350.0876  3220969.7794  -23.5218    0.8580   -3.5882    1.2086    0.3421   10.9760    156    156    100.0000%    0.0301    0.0971    0.0438   13.7464
458019   6   3  1 -2267808.9611  5009350.0895  3220969.7788  -23.5232    0.8573   -3.5869    1.2204    0.3421    9.2939    157    157    100.0000%    0.0307    0.0990    0.0447   13.7470
458020   6   3  1 -2267808.9622  5009350.0917  3220969.7789  -23.5244    0.8574   -3.5847    1.1994    0.3421   18.4974    158    158    100.0000%    0.0296    0.0956    0.0431   13.7475
458021   6   3  1 -2267808.9583  5009350.0908  3220969.7791  -23.5230    0.8543   -3.5867    1.1981    0.3421   29.7464    159    159    100.0000%    0.0296    0.0954    0.0430   13.7468
458022   6   3  1 -2267808.9552  5009350.0836  3220969.7774  -23.5204    0.8544   -3.5943    1.2477    0.3421   22.7463    160    160    100.0000%    0.0321    0.1034    0.0467   13.7460
458023   6   3  1 -2267808.9614  5009350.0862  3220969.7774  -23.5229    0.8589   -3.5901    1.2852    0.3421   21.5215    161    161    100.0000%    0.0341    0.1097    0.0495   13.7472
458024   6   3  1 -2267808.9624  5009350.0909  3220969.7825  -23.5210    0.8579   -3.5835    1.2773    0.3421   30.4124    162    162    100.0000%    0.0336    0.1084    0.0489   13.7455
458025   6   3  1 -2267808.9571  5009350.0875  3220969.7794  -23.5209    0.8546   -3.5896    1.2703    0.3421   20.3750    163    163    100.0000%    0.0333    0.1072    0.0484   13.7459
458026   6   3  1 -2267808.9569  5009350.0875  3220969.7764  -23.5235    0.8543   -3.5912    1.2926    0.3421   15.8714    164    164    100.0000%    0.0345    0.1110    0.0501   13.7475
458027   6   3  1 -2267808.9580  5009350.0880  3220969.7793  -23.5214    0.8551   -3.5889    1.2834    0.3421   24.3486    165    165    100.0000%    0.0340    0.1094    0.0494   13.7461
458028   6   3  1 -2267808.9580  5009350.0850  3220969.7771  -23.5220    0.8563   -3.5924    1.2728    0.3421   14.6383    166    166    100.0000%    0.0334    0.1076    0.0485   13.7468
458029   6   3  1 -2267808.9603  5009350.0906  3220969.7803  -23.5222    0.8562   -3.5856    1.2622    0.3421   18.6623    167    167    100.0000%    0.0329    0.1058    0.0477   13.7463
458030   6   3  1 -2267808.9564  5009350.0877  3220969.7747  -23.5250    0.8538   -3.5921    1.3004    0.3421    9.0128    168    168    100.0000%    0.0349    0.1123    0.0507   13.7484
458031   6   3  1 -2267808.9579  5009350.0883  3220969.7762  -23.5242    0.8549   -3.5903    1.3177    0.3420   12.4203    169    169    100.0000%    0.0358    0.1153    0.0520   13.7479
458032   6   3  1 -2267808.9604  5009350.0844  3220969.7750  -23.5240    0.8588   -3.5931    1.3261    0.3420   14.9623    170    170    100.0000%    0.0363    0.1168    0.0527   13.7481
458033   6   3  1 -2267808.9585  5009350.0894  3220969.7784  -23.5230    0.8550   -3.5881    1.3346    0.3420   15.9325    171    171    100.0000%    0.0368    0.1183    0.0534   13.7470
458034   6   3  1 -2267808.9588  5009350.0879  3220969.7774  -23.5232    0.8559   -3.5897    1.3520    0.3420   13.3906    172    172    100.0000%    0.0377    0.1214    0.0547   13.7473
458035   6   3  1 -2267808.9607  5009350.0895  3220969.7778  -23.5240    0.8570   -3.5875    1.3475    0.3420   18.6771    173    173    100.0000%    0.0375    0.1206    0.0544   13.7476
458036   6   3  1 -2267808.9582  5009350.0904  3220969.7801  -23.5219    0.8543   -3.5866    1.3662    0.3420   16.1125    174    174    100.0000%    0.0385    0.1239    0.0559   13.7462
458037   6   4  1 -2267808.9571  5009350.0904  3220969.7777  -23.5237    0.8533   -3.5882    1.4107    0.3420   10.3292    175    175    100.0000%    0.0411    0.1321    0.0596   13.7473
458038   6   3  1 -2267808.9548  5009350.0831  3220969.7769  -23.5206    0.8542   -3.5951    1.4058    0.3420    8.8584    176    176    100.0000%    0.0408    0.1312    0.0592   13.7462
458039   6   3  1 -2267808.9527  5009350.0818  3220969.7731  -23.5228    0.8529   -3.5988    1.4347    0.3420    7.3935    177    177    100.0000%    0.0425    0.1366    0.0616   13.7478
458040   6   3  1 -2267808.9526  5009350.0804  3220969.7729  -23.5223    0.8534   -3.6001    1.4372    0.3420    8.3175    178    178    100.0000%    0.0427    0.1371    0.0618   13.7476
458041   6   3  1 -2267808.9547  5009350.0773  3220969.7728  -23.5214    0.8565   -3.6018    1.4550    0.3420   10.0956    179    179    100.0000%    0.0437    0.1405    0.0634   13.7473
458042   6   3  1 -2267808.9599  5009350.0876  3220969.7777  -23.5231    0.8570   -3.5893    1.4630    0.3420   13.5197    180    180    100.0000%    0.0442    0.1421    0.0640   13.7471
458043   6   3  1 -2267808.9638  5009350.0928  3220969.7843  -23.5206    0.8584   -3.5806    1.4608    0.3420   12.6628    181    181    100.0000%    0.0441    0.1416    0.0638   13.7450
458044   6   3  1 -2267808.9577  5009350.0829  3220969.7739  -23.5237    0.8570   -3.5957    1.4815    0.3420   12.7322    182    182    100.0000%    0.0454    0.1457    0.0657   13.7480
458045   6   4  1 -2267808.9566  5009350.0881  3220969.7783  -23.5221    0.8539   -3.5899    1.5148    0.3420    9.3581    183    183    100.0000%    0.0474    0.1523    0.0686   13.7466
458046   6   4  1 -2267808.9569  5009350.0857  3220969.7768  -23.5223    0.8551   -3.5924    1.5343    0.3420   10.6517    184    184    100.0000%    0.0487    0.1562    0.0704   13.7470
458047   6   4  1 -2267808.9602  5009350.0891  3220969.7797  -23.5221    0.8567   -3.5871    1.5330    0.3420   14.2951    185    185    100.0000%    0.0486    0.1560    0.0703   13.7464
458048   6   4  1 -2267808.9583  5009350.0852  3220969.7754  -23.5236    0.8566   -3.5930    1.5818    0.3419   12.8928    186    186    100.0000%    0.0517    0.1660    0.0748   13.7477
458049   6   4  1 -2267808.9544  5009350.0819  3220969.7733  -23.5230    0.8544   -3.5980    1.6166    0.3419    9.7686    187    187    100.0000%    0.0540    0.1734    0.0781   13.7478
458050   6   3  1 -2267808.9535  5009350.0811  3220969.7738  -23.5221    0.8539   -3.5987    1.6165    0.3419    8.8583    188    188    100.0000%    0.0540    0.1734    0.0781   13.7473
458051   6   3  1 -2267808.9542  5009350.0838  3220969.7745  -23.5229    0.8534   -3.5960    1.6338    0.3419    6.3774    189    189    100.0000%    0.0552    0.1771    0.0798   13.7475
458052   6   3  1 -2267808.9556  5009350.0848  3220969.7757  -23.5225    0.8542   -3.5942    1.5755    0.3419    6.3019    190    190    100.0000%    0.0513    0.1647    0.0742   13.7472
458053   6   3  1 -2267808.9522  5009350.0796  3220969.7747  -23.5203    0.8534   -3.5999    1.5658    0.3419    6.6093    191    191    100.0000%    0.0507    0.1626    0.0733   13.7464
458054   6   3  1 -2267808.9556  5009350.0847  3220969.7746  -23.5235    0.8543   -3.5948    1.5735    0.3419    7.3411    192    192    100.0000%    0.0512    0.1642    0.0740   13.7478
458055   6   3  1 -2267808.9550  5009350.0862  3220969.7746  -23.5240    0.8531   -3.5939    1.5309    0.3419    5.9280    193    193    100.0000%    0.0485    0.1555    0.0700   13.7480
458056   6   3  1 -2267808.9589  5009350.0868  3220969.7776  -23.5225    0.8565   -3.5904    1.5238    0.3419    9.7528    194    194    100.0000%    0.0480    0.1540    0.0694   13.7469
458057   6   3  1 -2267808.9587  5009350.0896  3220969.7775  -23.5239    0.8551   -3.5883    1.5175    0.3419    8.9358    195    195    100.0000%    0.0477    0.1527    0.0688   13.7475
458058   6   3  1 -2267808.9589  5009350.0853  3220969.7765  -23.5228    0.8571   -3.5921    1.5173    0.3419   10.8860    196    196    100.0000%    0.0476    0.1527    0.0688   13.7472
458059   6   3  1 -2267808.9612  5009350.0861  3220969.7790  -23.5215    0.8588   -3.5894    1.4940    0.3419   10.2093    197    197    100.0000%    0.0462    0.1480    0.0667   13.7463
458060   6   3  1 -2267808.9610  5009350.0882  3220969.7798  -23.5218    0.8578   -3.5875    1.4566    0.3419    8.7808    198    198    100.0000%    0.0439    0.1407    0.0634   13.7463
458061   6   3  1 -2267808.9591  5009350.0879  3220969.7788  -23.5220    0.8562   -3.5889    1.4265    0.3419    8.1153    199    199    100.0000%    0.0421    0.1349    0.0608   13.7465
458062   6   3  1 -2267808.9605  5009350.0911  3220969.7781  -23.5244    0.8561   -3.5862    1.4667    0.3419    7.8403    200    200    100.0000%    0.0445    0.1426    0.0642   13.7476
458063   6   3  1 -2267808.9616  5009350.0903  3220969.7823  -23.5207    0.8574   -3.5843    1.4700    0.3419    8.8000    201    201    100.0000%    0.0447    0.1433    0.0645   13.7454
458064   6   3  1 -2267808.9568  5009350.0839  3220969.7750  -23.5230    0.8557   -3.5947    1.4582    0.3419    6.3923    202    202    100.0000%    0.0440    0.1410    0.0635   13.7476
458065   6   3  1 -2267808.9562  5009350.0836  3220969.7772  -23.5209    0.8553   -3.5941    1.4925    0.3418    8.2022    203    203    100.0000%    0.0461    0.1477    0.0665   13.7463
458066   6   3  1 -2267808.9596  5009350.0897  3220969.7789  -23.5229    0.8559   -3.5873    1.4514    0.3418    9.8305    204    204    100.0000%    0.0436    0.1397    0.0629   13.7469
458067   6   3  1 -2267808.9648  5009350.0950  3220969.7823  -23.5235    0.8585   -3.5795    1.4393    0.3418   12.1239    205    205    100.0000%    0.0429    0.1373    0.0618   13.7466
458068   6   3  1 -2267808.9613  5009350.0892  3220969.7794  -23.5226    0.8577   -3.5868    1.4445    0.3418   12.3512    206    206    100.0000%    0.0432    0.1383    0.0623   13.7467
458069   6   3  1 -2267808.9636  5009350.0891  3220969.7789  -23.5235    0.8598   -3.5862    1.4622    0.3418   17.6327    207    207    100.0000%    0.0443    0.1417    0.0638   13.7472
458070   6   3  1 -2267808.9583  5009350.0886  3220969.7769  -23.5239    0.8552   -3.5896    1.4786    0.3418    8.8831    208    208    100.0000%    0.0453    0.1449    0.0652   13.7476
458071   6   3  1 -2267808.9574  5009350.0887  3220969.7791  -23.5219    0.8543   -3.5887    1.4780    0.3418    8.9633    209    209    100.0000%    0.0453    0.1448    0.0652   13.7464
458072   6   3  1 -2267808.9565  5009350.0831  3220969.7720  -23.5251    0.8558   -3.5970    1.4577    0.3418    6.1502    210    210    100.0000%    0.0440    0.1408    0.0634   13.7490
458073   6   3  1 -2267808.9533  5009350.0815  3220969.7717  -23.5240    0.8535   -3.5995    1.4524    0.3418    5.4556    211    211    100.0000%    0.0437    0.1398    0.0629   13.7485
458074   6   3  1 -2267808.9571  5009350.0839  3220969.7748  -23.5232    0.8560   -3.5947    1.4292    0.3418    6.1085    212    212    100.0000%    0.0423    0.1354    0.0609   13.7477
458075   6   3  1 -2267808.9571  5009350.0816  3220969.7741  -23.5227    0.8569   -3.5969    1.4246    0.3418    8.1162    213    213    100.0000%    0.0421    0.1345    0.0605   13.7476
458076   6   3  1 -2267808.9629  5009350.0911  3220969.7787  -23.5244    0.8583   -3.5851    1.4836    0.3418    8.8824    214    214    100.0000%    0.0456    0.1458    0.0656   13.7476
458077   6   3  1 -2267808.9616  5009350.0905  3220969.7794  -23.5233    0.8574   -3.5857    1.4962    0.3418   10.4095    215    215    100.0000%    0.0464    0.1483    0.0667   13.7470
458078   6   3  1 -2267808.9598  5009350.0880  3220969.7781  -23.5229    0.8568   -3.5889    1.5657    0.3418    6.7607    216    216    100.0000%    0.0508    0.1624    0.0731   13.7470
458079   6   3  1 -2267808.9588  5009350.0899  3220969.7793  -23.5225    0.8551   -3.5872    1.5354    0.3418    5.4066    217    217    100.0000%    0.0489    0.1562    0.0703   13.7466
458080   6   3  1 -2267808.9596  5009350.0876  3220969.7760  -23.5245    0.8568   -3.5904    1.5545    0.3418    7.1022    218    218    100.0000%    0.0501    0.1601    0.0720   13.7480
458081   6   3  1 -2267808.9562  5009350.0865  3220969.7771  -23.5223    0.8542   -3.5919    1.6159    0.3417    6.5859    219    219    100.0000%    0.0542    0.1730    0.0778   13.7469
458082   6   3  1 -2267808.9604  5009350.0922  3220969.7805  -23.5229    0.8556   -3.5842    1.6024    0.3417    6.9297    220    220    100.0000%    0.0533    0.1701    0.0765   13.7466
458083   6   3  1 -2267808.9560  5009350.0826  3220969.7759  -23.5214    0.8555   -3.5956    1.6016    0.3417    7.0514    221    221    100.0000%    0.0532    0.1699    0.0764   13.7467
458084   6   3  1 -2267808.9612  5009350.0877  3220969.7807  -23.5208    0.8582   -3.5873    1.6126    0.3417    9.3575    222    222    100.0000%    0.0540    0.1722    0.0775   13.7457
458085   6   3  1 -2267808.9619  5009350.0874  3220969.7787  -23.5225    0.8589   -3.5883    1.5668    0.3417    8.7893    223    223    100.0000%    0.0510    0.1626    0.0731   13.7468
458086   6   3  1 -2267808.9584  5009350.0874  3220969.7759  -23.5241    0.8558   -3.5910    1.5377    0.3417    7.3610    224    224    100.0000%    0.0491    0.1566    0.0704   13.7479
458087   6   2  1 -2267808.9609  5009350.0865  3220969.7770  -23.5234    0.8584   -3.5903    1.5438    0.3417    8.2679    225    225    100.0000%    0.0495    0.1578    0.0710   13.7474
458088   6   1  1 -2267808.9601  5009350.0854  3220969.7781  -23.5217    0.8581   -3.5908    1.5455    0.3417    7.0828    226    226    100.0000%    0.0496    0.1582    0.0711   13.7465
458089   6   2  1 -2267808.9580  5009350.0860  3220969.7765  -23.5229    0.8560   -3.5919    1.5700    0.3417    6.8443    227    227    100.0000%    0.0512    0.1632    0.0734   13.7473
458090   6   2  1 -2267808.9585  5009350.0870  3220969.7786  -23.5217    0.8560   -3.5899    1.5879    0.3417    7.3676    228    228    100.0000%    0.0524    0.1670    0.0751   13.7464
458091   6   3  1 -2267808.9610  5009350.0895  3220969.7789  -23.5231    0.8573   -3.5869    1.6226    0.3417    6.7616    229    229    100.0000%    0.0547    0.1743    0.0784   13.7470
458092   6   3  1 -2267808.9617  5009350.0871  3220969.7782  -23.5228    0.8588   -3.5889    1.6649    0.3417    8.9702    230    230    100.0000%    0.0576    0.1835    0.0825   13.7470
458093   6   3  1 -2267808.9594  5009350.0849  3220969.7757  -23.5234    0.8577   -3.5927    1.6864    0.3417    9.8663    231    231    100.0000%    0.0591    0.1883    0.0846   13.7476
458094   6   3  1 -2267808.9643  5009350.0929  3220969.7846  -23.5205    0.8589   -3.5802    1.7132    0.3417    9.7638    232    232    100.0000%    0.0610    0.1943    0.0873   13.7449
458095   6   3  1 -2267808.9590  5009350.0869  3220969.7762  -23.5239    0.8565   -3.5910    1.7484    0.3417    6.9098    233    233    100.0000%    0.0635    0.2023    0.0910   13.7477
458096   6   3  1 -2267808.9613  5009350.0882  3220969.7799  -23.5218    0.8581   -3.5873    1.7350    0.3416    8.8218    234    234    100.0000%    0.0626    0.1992    0.0896   13.7463
458097   6   3  1 -2267808.9624  5009350.0879  3220969.7756  -23.5255    0.8592   -3.5893    1.7920    0.3416    7.9754    235    235    100.0000%    0.0667    0.2125    0.0955   13.7486
458098   6   3  1 -2267808.9646  5009350.0918  3220969.7778  -23.5259    0.8596   -3.5844    1.8113    0.3416   10.5507    236    236    100.0000%    0.0682    0.2171    0.0976   13.7484
458099   6   4  1 -2267808.9654  5009350.0952  3220969.7814  -23.5245    0.8589   -3.5796    1.8312    0.3416    9.3642    237    237    100.0000%    0.0697    0.2219    0.0997   13.7472
458100   6   4  1 -2267808.9607  5009350.0883  3220969.7770  -23.5242    0.8575   -3.5889    1.8596    0.3416   11.9938    238    238    100.0000%    0.0719    0.2288    0.1028   13.7478
458101   6   4  1 -2267808.9614  5009350.0918  3220969.7786  -23.5245    0.8567   -3.5851    1.9062    0.3416   14.9558    239    239    100.0000%    0.0756    0.2405    0.1080   13.7476
458102   6   4  1 -2267808.9627  5009350.0867  3220969.7788  -23.5223    0.8600   -3.5886    1.8670    0.3416   15.7203    240    240    100.0000%    0.0725    0.2307    0.1036   13.7467
458103   6   1  1 -2267808.9585  5009350.0875  3220969.7777  -23.5227    0.8558   -3.5899    1.8944    0.3416   12.1541    241    241    100.0000%    0.0746    0.2374    0.1067   13.7470
458104   6   1  1 -2267808.9606  5009350.0884  3220969.7777  -23.5235    0.8573   -3.5885    1.8615    0.3416    9.0457    242    242    100.0000%    0.0721    0.2293    0.1030   13.7473
458105   6   1  1 -2267808.9562  5009350.0868  3220969.7785  -23.5212    0.8540   -3.5909    1.8412    0.3416   10.1968    243    243    100.0000%    0.0705    0.2243    0.1007   13.7462
458106   6   1  1 -2267808.9601  5009350.0849  3220969.7760  -23.5233    0.8583   -3.5924    1.8229    0.3416    9.3082    244    244    100.0000%    0.0691    0.2198    0.0987   13.7476
458107   6   2  1 -2267808.9604  5009350.0938  3220969.7803  -23.5238    0.8549   -3.5830    1.8615    0.3416    6.2222    245    245    100.0000%    0.0721    0.2292    0.1030   13.7470
458108   6   2  1 -2267808.9599  5009350.0946  3220969.7799  -23.5244    0.8542   -3.5827    1.8548    0.3416    7.0951    246    246    100.0000%    0.0716    0.2276    0.1022   13.7473
458109   6   2  1 -2267808.9626  5009350.0934  3220969.7772  -23.5268    0.8571   -3.5841    1.8520    0.3416    7.1630    247    247    100.0000%    0.0714    0.2269    0.1019   13.7488
458110   6   2  1 -2267808.9645  5009350.0958  3220969.7789  -23.5268    0.8579   -3.5807    1.8391    0.3416   11.2311    248    248    100.0000%    0.0704    0.2237    0.1005   13.7485
458111   6   4  1 -2267808.9643  5009350.0950  3220969.7805  -23.5250    0.8580   -3.5806    1.8671    0.3415   16.7021    249    249    100.0000%    0.0726    0.2305    0.1035   13.7475
458112   6   4  1 -2267808.9653  5009350.0956  3220969.7842  -23.5223    0.8586   -3.5779    1.9071    0.3415   16.8880    250    250    100.0000%    0.0757    0.2405    0.1080   13.7457
458113   6   2  1 -2267808.9681  5009350.0964  3220969.7828  -23.5244    0.8609   -3.5769    1.9226    0.3415   12.5950    251    251    100.0000%    0.0770    0.2444    0.1098   13.7469
458114   6   2  1 -2267808.9686  5009350.1027  3220969.7863  -23.5245    0.8588   -3.5701    1.9381    0.3415   11.7442    252    252    100.0000%    0.0782    0.2484    0.1115   13.7463
458115   6   2  1 -2267808.9702  5009350.1015  3220969.7865  -23.5240    0.8606   -3.5704    1.9840    0.3415   10.2914    253    253    100.0000%    0.0820    0.2603    0.1169   13.7461
458116   6   3  1 -2267808.9706  5009350.1046  3220969.7865  -23.5256    0.8597   -3.5677    2.0116    0.3415   12.0413    254    254    100.0000%    0.0843    0.2675    0.1201   13.7468
458117   6   3  1 -2267808.9731  5009350.1080  3220969.7910  -23.5238    0.8607   -3.5619    2.0158    0.3415   11.3763    255    255    100.0000%    0.0846    0.2686    0.1206   13.7452
458118   6   3  1 -2267808.9659  5009350.0960  3220969.7835  -23.5232    0.8591   -3.5777    2.0295    0.3415    8.4261    256    256    100.0000%    0.0858    0.2723    0.1222   13.7463
458119   6   3  1 -2267808.9666  5009350.0937  3220969.7798  -23.5254    0.8607   -3.5812    2.0000    0.3415    8.6216    257    257    100.0000%    0.0833    0.2644    0.1187   13.7479
458120   6   3  1 -2267808.9654  5009350.0962  3220969.7814  -23.5250    0.8584   -3.5788    1.9760    0.3415    7.8847    258    258    100.0000%    0.0814    0.2581    0.1158   13.7474
458121   6   3  1 -2267808.9656  5009350.0952  3220969.7787  -23.5269    0.8591   -3.5809    1.9527    0.3415    7.5190    259    259    100.0000%    0.0795    0.2520    0.1131   13.7487
458122   6   3  1 -2267808.9664  5009350.0978  3220969.7846  -23.5231    0.8587   -3.5755    1.9413    0.3415    8.7020    260    260    100.0000%    0.0785    0.2491    0.1118   13.7460
458123   6   2  1 -2267808.9680  5009350.0966  3220969.7821  -23.5251    0.8607   -3.5772    1.9238    0.3415   10.7887    261    261    100.0000%    0.0771    0.2446    0.1098   13.7473
458124   6   2  1 -2267808.9732  5009350.1072  3220969.7893  -23.5249    0.8611   -3.5634    1.9297    0.3415    9.8138    262    262    100.0000%    0.0776    0.2461    0.1104   13.7460
458125   6   2  1 -2267808.9716  5009350.0995  3220969.7852  -23.5246    0.8628   -3.5720    1.9257    0.3414    7.5798    263    263    100.0000%    0.0773    0.2450    0.1100   13.7466
458126   6   3  1 -2267808.9671  5009350.0998  3220969.7829  -23.5257    0.8585   -3.5746    1.9251    0.3414    5.5716    264    264    100.0000%    0.0773    0.2449    0.1099   13.7474
458127   6   3  1 -2267808.9689  5009350.0983  3220969.7812  -23.5268    0.8608   -3.5760    1.8817    0.3414    5.6525    265    265    100.0000%    0.0738    0.2340    0.1050   13.7482
458128   6   2  1 -2267808.9689  5009350.0945  3220969.7812  -23.5251    0.8624   -3.5790    1.8779    0.3414    7.0244    266    266    100.0000%    0.0735    0.2330    0.1045   13.7475
458129   6   2  1 -2267808.9680  5009350.0962  3220969.7809  -23.5260    0.8608   -3.5782    1.8688    0.3414    7.9268    267    267    100.0000%    0.0728    0.2307    0.1035   13.7479
458130   6   2  1 -2267808.9659  5009350.0923  3220969.7817  -23.5230    0.8606   -3.5816    1.8917    0.3414    8.8668    268    268    100.0000%    0.0746    0.2364    0.1061   13.7465
